010
0110
01110
011010
0111110
01100010
011100110
0110101110
01111111010
011000001110
0111000011010
01101000111110
011111001100010
0110001011100110
01110011110101110
011010110011111010
0111111110110001110
01100000011110011010
011100000110010111110
0110100001110111100010
01111100011011100100110
011000100111110101101110
0111001101100011111111010
01101011111100110000001110
011111110000101110000011010
0110000010001111010000111110
01110000110011001110001100010
011010001110111011010011100110
0111110011011101111110110101110
01100010111110111000011111111010
011100111100011101000110000001110
0110101100100110111001110000011010
01111111101101111101011010000111110
011000000111111000111111110001100010
0111000001100001001100000010011100110
01101000011100011011100000110110101110
011111000110100111110100001111111111010
0110001001111101100011100011000000001110
01110011011000111100110100111000000011010
011010111111001100101111101101000000111110
0111111100001011101111000111111000001100010
01100000100011110111001001100001000011100110
011100001100110011101011011100011000110101110
0110100011101110110111111110100111001111111010
01111100110111011111100000011101101011000001110
011000101111101110000100000110111111111000011010
0111001111000111010001100001111100000001000111110
01101011001001101110011100011000100000011001100010
011111111011011111010110100111001100000111011100110
0110000001111110001111111101101011100001101110101110
